155
154
156
157
158
159
160
168
161
162
163
164
165
166
167
26
27
36
28
29
30
31
32
33
35
34
90
91
100
92
93
94
95
96
97
99
98
1
2
25
3
4
5
6
24
9
10
21
18
11
12
13
14
15
16
17
19
20
23
22
37
38
40
41
50
42
43
44
46
45
48
47
49
51
52
54
67
55
56
57
58
59
60
64
61
62
63
65
68
69
70
87
71
80
72
73
74
75
76
77
78
79
81
82
84
83
85
88
89
102
101
103
105
106
115
107
108
109
111
110
113
112
114
116
117
119
132
120
121
122
123
124
125
129
126
127
128
130
133
134
135
151
136
143
137
138
139
140
141
142
144
145
146
148
147
149
152
153
